10001 -20.0 8380326
10002 -13.0 8382553
10003 -17.0 8383977
10004 -20.0 8385779
10005 -19.0 8386621
10006 -20.0 8387577
10007 -18.0 8389053
10008 -21.0 8390106
10009 -20.0 8391059
10010 -20.0 8392313
10011 -20.0 8393510
10012 -19.0 8394599
10013 -21.0 8396021
10014 -20.0 8397466
10015 -17.0 8399132
10016 -17.0 8401416
10017 -19.0 8403231
10018 -20.0 8404058
10019 -21.0 8405843
10020 -20.0 8406794
10021 -21.0 8408208
10022 -18.0 8409863
10023 -21.0 8411102
10024 -19.0 8412367
10025 -19.0 8413825
10026 -21.0 8414333
10027 -21.0 8414780
10028 -21.0 8415227
10029 -20.0 8416848
10030 -19.0 8417692
10031 -20.0 8419568
10032 -21.0 8420435
10033 -21.0 8421249
10034 -18.0 8422598
10035 -13.0 8425065
10036 -19.0 8426819
10037 -19.0 8428706
10038 -19.0 8430582
10039 -19.0 8432710
10040 -21.0 8433399
10041 -18.0 8435109
10042 -15.0 8436936
10043 -15.0 8438402
10044 -16.0 8440457
10045 -19.0 8441547
10046 -18.0 8443750
10047 -21.0 8445597
10048 -19.0 8447847
10049 -16.0 8450330
10050 -18.0 8451917
10051 -20.0 8453726
10052 -13.0 8455827
10053 -4.0 8459001
10054 -21.0 8460113
10055 -20.0 8461305
10056 -18.0 8463444
10057 -20.0 8465614
10058 -21.0 8466427
10059 -21.0 8467851
10060 -18.0 8468833
10061 -21.0 8469945
10062 -19.0 8470852
10063 -19.0 8473281
10064 -21.0 8474332
10065 -17.0 8476788
10066 -19.0 8478665
10067 -21.0 8480341
10068 -15.0 8482410
10069 -20.0 8483671
10070 -17.0 8485286
10071 -11.0 8487541
10072 -14.0 8490050
10073 -19.0 8491513
10074 -21.0 8492324
10075 -21.0 8493257
10076 -20.0 8494202
10077 -19.0 8496506
10078 -18.0 8498167
10079 -19.0 8500050
10080 -17.0 8502140
10081 -18.0 8504890
10082 -21.0 8506430
10083 -21.0 8507544
10084 -20.0 8508087
10085 -21.0 8510791
10086 -21.0 8511851
10087 -19.0 8512637
10088 -18.0 8514118
10089 -20.0 8515070
10090 -20.0 8517538
10091 -18.0 8519742
10092 -19.0 8521072
10093 -21.0 8521885
10094 -21.0 8522575
10095 -7.0 8525260
10096 -18.0 8527453
10097 -20.0 8528701
10098 -18.0 8530297
10099 -20.0 8530943
10100 -21.0 8532362
10101 -21.0 8534148
10102 -17.0 8536127
10103 -20.0 8537016
10104 -20.0 8540098
10105 -3.0 8543216
10106 -17.0 8544763
10107 -19.0 8546089
10108 -21.0 8547150
10109 -20.0 8548895
10110 -18.0 8550912
10111 -20.0 8552599
10112 -16.0 8554344
10113 -15.0 8556242
10114 -19.0 8557389
10115 -18.0 8559228
10116 -19.0 8559949
10117 -20.0 8560653
10118 -20.0 8562156
10119 -19.0 8563500
10120 -13.0 8564932
10121 -21.0 8566712
10122 -19.0 8568105
10123 -18.0 8569880
10124 -20.0 8571808
10125 -21.0 8572377
10126 -20.0 8573508
10127 -20.0 8575380
10128 -21.0 8576615
10129 -17.0 8579492
10130 -18.0 8580718
10131 -19.0 8581750
10132 -21.0 8582744
10133 -13.0 8584905
10134 -15.0 8586368
10135 -18.0 8588200
10136 -18.0 8590588
10137 -21.0 8591035
10138 -21.0 8591544
10139 -21.0 8592171
10140 -19.0 8593320
10141 -17.0 8595109
10142 -21.0 8596102
10143 -17.0 8597281
10144 -19.0 8598857
10145 -21.0 8600404
10146 -19.0 8601492
10147 -20.0 8603664
10148 -18.0 8604537
10149 -18.0 8606078
10150 -20.0 8606602
10151 -20.0 8607429
10152 -14.0 8610428
10153 -17.0 8611673
10154 -19.0 8614397
10155 -18.0 8616050
10156 -19.0 8616772
10157 -21.0 8618858
10158 -18.0 8620818
10159 -21.0 8622058
10160 -21.0 8623848
10161 -21.0 8625145
10162 -19.0 8626774
10163 -20.0 8627852
10164 -20.0 8628685
10165 -19.0 8630554
10166 -21.0 8632092
10167 -21.0 8633206
10168 -19.0 8635207
10169 -21.0 8636380
10170 -18.0 8638830
10171 -19.0 8640042
10172 -20.0 8640994
10173 -18.0 8642523
10174 -17.0 8644486
10175 -18.0 8646445
10176 -13.0 8650131
10177 -13.0 8653141
10178 -19.0 8655206
10179 -18.0 8657165
10180 -15.0 8659050
10181 -19.0 8660076
10182 -17.0 8662590
10183 -19.0 8663736
10184 -17.0 8665596
10185 -14.0 8667984
10186 -21.0 8669346
10187 -19.0 8670433
10188 -21.0 8672403
10189 -16.0 8674223
10190 -21.0 8674972
10191 -21.0 8676809
10192 -18.0 8678713
10193 -21.0 8680073
10194 -19.0 8682014
10195 -9.0 8684242
10196 -14.0 8685478
10197 -19.0 8686568
10198 -16.0 8688625
10199 -19.0 8690269
10200 -16.0 8692252
10201 -19.0 8693892
10202 -7.0 8696342
10203 -11.0 8698538
10204 -13.0 8701070
10205 -17.0 8702258
10206 -17.0 8704896
10207 -21.0 8705523
10208 -21.0 8705972
10209 -18.0 8707442
10210 -20.0 8710044
10211 -18.0 8711389
10212 -17.0 8713608
10213 -17.0 8716065
10214 -21.0 8717359
10215 -17.0 8719397
10216 -20.0 8720592
10217 -19.0 8721981
10218 -21.0 8723955
10219 -19.0 8725894
10220 -19.0 8727226
10221 -18.0 8729436
10222 -15.0 8731755
10223 -20.0 8733448
10224 -21.0 8733895
10225 -21.0 8734583
10226 -18.0 8736413
10227 -15.0 8738237
10228 -17.0 8740584
10229 -17.0 8741708
10230 -18.0 8743356
10231 -21.0 8744409
10232 -19.0 8745267
10233 -20.0 8747076
10234 -7.0 8750791
10235 -14.0 8752821
10236 -16.0 8754636
10237 -18.0 8757270
10238 -20.0 8758584
10239 -16.0 8761065
10240 -19.0 8763004
10241 -20.0 8764868
10242 -18.0 8766580
10243 -12.0 8769559
10244 -19.0 8771201
10245 -17.0 8773907
10246 -21.0 8774909
10247 -16.0 8776542
10248 -19.0 8778545
10249 -17.0 8781013
10250 -19.0 8782833
10251 -18.0 8784314
10252 -17.0 8785864
10253 -16.0 8788283
10254 -20.0 8789718
10255 -11.0 8791862
10256 -18.0 8793521
10257 -21.0 8794703
10258 -19.0 8796160
10259 -21.0 8797702
10260 -21.0 8799249
10261 -19.0 8800461
10262 -19.0 8802650
10263 -19.0 8805571
10264 -20.0 8806772
10265 -21.0 8808132
10266 -20.0 8809817
10267 -17.0 8811616
10268 -20.0 8813424
10269 -20.0 8814257
10270 -21.0 8815681
10271 -16.0 8816702
10272 -21.0 8818369
10273 -20.0 8819623
10274 -16.0 8821257
10275 -21.0 8822794
10276 -20.0 8824429
10277 -15.0 8827048
10278 -17.0 8829574
10279 -18.0 8831464
10280 -21.0 8833066
10281 -16.0 8835179
10282 -15.0 8838088
10283 -17.0 8840484
10284 -17.0 8842880
10285 -21.0 8843933
10286 -19.0 8845026
10287 -20.0 8845975
10288 -15.0 8848703
10289 -16.0 8850589
10290 -18.0 8852613
10291 -20.0 8854124
10292 -19.0 8855092
10293 -20.0 8855988
10294 -19.0 8857261
10295 -21.0 8858256
10296 -18.0 8859604
10297 -19.0 8860566
10298 -21.0 8862343
10299 -21.0 8863575
10300 -19.0 8865154
10301 -13.0 8868098
10302 -18.0 8869147
10303 -18.0 8870503
10304 -20.0 8872252
10305 -20.0 8873262
10306 -19.0 8874171
10307 -13.0 8876692
10308 -16.0 8878503
10309 -20.0 8880794
10310 -18.0 8882628
10311 -20.0 8883643
10312 -20.0 8884908
10313 -19.0 8885938
10314 -21.0 8887959
10315 -19.0 8889349
10316 -17.0 8891263
10317 -18.0 8893395
10318 -14.0 8895668
10319 -20.0 8897295
10320 -17.0 8898665
10321 -21.0 8900267
10322 -9.0 8903228
10323 -20.0 8904914
10324 -20.0 8907134
10325 -12.0 8909738
10326 -20.0 8911050
10327 -10.0 8913393
10328 -17.0 8914882
10329 -18.0 8916414
10330 -12.0 8918778
10331 -15.0 8920598
10332 -20.0 8921731
10333 -20.0 8923297
10334 -21.0 8924167
10335 -20.0 8926264
10336 -17.0 8927932
10337 -17.0 8930396
10338 -7.0 8934296
10339 -19.0 8936668
10340 -18.0 8938870
10341 -14.0 8940659
10342 -20.0 8941679
10343 -15.0 8944533
10344 -20.0 8946158
10345 -19.0 8947062
10346 -21.0 8948425
10347 -19.0 8950743
10348 -17.0 8952895
10349 -19.0 8954535
10350 -20.0 8956160
10351 -19.0 8957490
10352 -18.0 8958785
10353 -17.0 8960885
10354 -18.0 8962908
10355 -16.0 8964911
10356 -17.0 8966634
10357 -13.0 8968610
10358 -20.0 8969074
10359 -20.0 8969669
10360 -16.0 8971786
10361 -18.0 8973811
10362 -19.0 8975510
10363 -19.0 8977458
10364 -20.0 8978656
10365 -21.0 8979890
10366 -21.0 8980461
10367 -19.0 8982037
10368 -17.0 8984557
10369 -15.0 8986742
10370 -15.0 8989723
10371 -16.0 8991954
10372 -20.0 8994421
10373 -21.0 8996876
10374 -16.0 8999006
10375 -19.0 9000580
10376 -21.0 9001335
10377 -18.0 9002196
10378 -21.0 9002765
10379 -21.0 9004251
10380 -21.0 9004942
10381 -18.0 9007935
10382 -18.0 9009653
10383 -17.0 9012180
10384 -19.0 9013143
10385 -18.0 9015110
10386 -21.0 9015738
10387 -19.0 9016957
10388 -18.0 9017756
10389 -15.0 9019998
10390 -18.0 9022571
10391 -16.0 9024200
10392 -16.0 9026124
10393 -19.0 9027213
10394 -18.0 9029232
10395 -19.0 9031055
10396 -19.0 9032018
10397 -19.0 9033539
10398 -19.0 9034500
10399 -12.0 9037168
10400 -20.0 9039026
10401 -19.0 9042007
10402 -5.0 9045950
10403 -12.0 9047894
10404 -16.0 9049946
10405 -20.0 9050960
10406 -20.0 9052461
10407 -19.0 9054229
10408 -20.0 9056100
10409 -18.0 9057934
10410 -19.0 9059144
10411 -15.0 9061775
10412 -20.0 9062911
10413 -15.0 9065590
10414 -18.0 9068511
10415 -15.0 9070770
10416 -17.0 9073606
10417 -20.0 9074987
10418 -19.0 9076809
10419 -14.0 9079324
10420 -21.0 9080562
10421 -21.0 9081860
10422 -19.0 9085682
10423 -17.0 9087406
10424 -17.0 9088649
10425 -18.0 9089762
10426 -19.0 9091153
10427 -18.0 9092752
10428 -13.0 9094682
10429 -9.0 9097036
10430 -18.0 9099293
10431 -12.0 9102752
10432 -14.0 9104540
10433 -19.0 9106913
10434 -17.0 9107974
10435 -19.0 9108823
10436 -21.0 9110252
10437 -18.0 9111247
10438 -20.0 9112015
10439 -21.0 9113009
10440 -21.0 9113881
10441 -21.0 9115485
10442 -6.0 9118555
10443 -11.0 9120688
10444 -20.0 9121405
10445 -12.0 9123220
10446 -17.0 9124947
10447 -14.0 9126793
10448 -14.0 9129422
10449 -16.0 9131416
10450 -20.0 9132370
10451 -16.0 9135758
10452 -17.0 9137191
10453 -17.0 9138248
10454 -20.0 9139693
10455 -17.0 9141671
10456 -17.0 9143164
10457 -18.0 9144636
10458 -19.0 9146027
10459 -16.0 9148687
10460 -17.0 9151932
10461 -19.0 9155162
10462 -16.0 9157517
10463 -18.0 9158930
10464 -19.0 9160566
10465 -21.0 9162470
10466 -20.0 9163794
10467 -19.0 9165249
10468 -19.0 9166642
10469 -18.0 9168608
10470 -20.0 9169444
10471 -19.0 9170653
10472 -20.0 9171481
10473 -17.0 9173156
10474 -21.0 9174453
10475 -18.0 9176663
10476 -19.0 9178248
10477 -12.0 9180006
10478 -19.0 9181640
10479 -14.0 9184025
10480 -17.0 9186545
10481 -12.0 9189388
10482 -1.0 9193505
10483 -16.0 9196522
10484 -13.0 9199235
10485 -14.0 9201131
10486 -12.0 9203073
10487 -19.0 9205320
10488 -20.0 9207119
10489 -18.0 9208108
10490 -18.0 9209646
10491 -8.0 9211906
10492 -20.0 9214382
10493 -18.0 9215315
10494 -21.0 9217166
10495 -14.0 9220156
10496 -20.0 9222810
10497 -17.0 9224541
10498 -18.0 9226995
10499 -19.0 9228687
10500 -18.0 9230585
10501 -21.0 9231945
10502 -19.0 9234187
10503 -16.0 9235756
10504 -19.0 9238136
10505 -15.0 9240085
10506 -18.0 9241373
10507 -17.0 9243287
10508 -20.0 9244841
10509 -16.0 9246591
10510 -19.0 9247498
10511 -19.0 9248402
10512 -16.0 9250037
10513 -20.0 9250988
10514 -20.0 9252364
10515 -19.0 9253452
10516 -19.0 9255394
10517 -19.0 9257512
10518 -20.0 9258713
10519 -19.0 9259859
10520 -17.0 9261889
10521 -17.0 9264900
10522 -15.0 9266355
10523 -19.0 9267017
10524 -17.0 9268935
10525 -18.0 9272728
10526 -20.0 9274170
10527 -17.0 9276213
10528 -13.0 9278493
10529 -15.0 9280012
10530 -16.0 9282069
10531 -20.0 9283388
10532 -18.0 9284805
10533 -18.0 9287008
10534 -19.0 9289084
10535 -18.0 9290980
10536 -19.0 9293404
10537 -20.0 9294908
10538 -19.0 9296427
10539 -16.0 9300194
10540 -18.0 9302212
10541 -20.0 9303829
10542 -19.0 9305104
10543 -20.0 9306366
10544 -20.0 9308227
10545 -19.0 9309866
10546 -20.0 9311910
10547 -19.0 9314104
10548 -15.0 9316536
10549 -17.0 9318987
10550 -19.0 9320993
10551 -18.0 9322650
10552 -19.0 9324600
10553 -14.0 9327175
10554 -16.0 9329047
10555 -15.0 9331114
10556 -19.0 9332687
10557 -19.0 9335542
10558 -17.0 9336844
10559 -19.0 9338793
10560 -19.0 9340062
10561 -16.0 9341939
10562 -21.0 9342446
10563 -21.0 9342894
10564 -21.0 9343343
10565 -19.0 9344250
10566 -16.0 9346808
10567 -17.0 9349982
10568 -19.0 9352588
10569 -21.0 9355276
10570 -1.0 9359217
10571 -17.0 9361431
10572 -17.0 9363770
10573 -17.0 9365198
10574 -14.0 9366928
10575 -21.0 9367499
10576 -21.0 9369464
10577 -19.0 9371401
10578 -9.0 9373936
10579 -21.0 9376280
10580 -17.0 9378071
10581 -19.0 9379648
10582 -12.0 9382620
10583 -18.0 9384458
10584 -18.0 9386349
10585 -21.0 9388071
10586 -17.0 9390108
10587 -17.0 9392321
10588 -20.0 9393809
10589 -19.0 9396365
10590 -16.0 9398235
10591 -12.0 9402061
10592 -17.0 9403551
10593 -21.0 9405767
10594 -20.0 9408361
10595 -19.0 9409816
10596 -18.0 9411109
10597 -17.0 9412596
10598 -17.0 9414757
10599 -19.0 9415783
10600 -20.0 9416554
10601 -20.0 9417513
10602 -21.0 9417960
10603 -21.0 9418407
10604 -21.0 9418855
10605 -20.0 9419439
10606 -20.0 9420450
10607 -21.0 9421078
10608 -20.0 9421602
10609 -21.0 9422171
10610 -19.0 9424110
10611 -19.0 9425320
10612 -14.0 9426747
10613 -20.0 9428072
10614 -19.0 9429340
10615 -21.0 9431553
10616 -19.0 9433135
10617 -21.0 9434313
10618 -19.0 9435588
10619 -16.0 9437152
10620 -20.0 9438765
10621 -20.0 9439906
10622 -19.0 9441368
10623 -19.0 9443497
10624 -19.0 9445074
10625 -19.0 9446408
10626 -20.0 9447235
10627 -17.0 9449333
10628 -21.0 9450690
10629 -18.0 9452167
10630 -19.0 9453249
10631 -20.0 9454203
10632 -21.0 9454952
10633 -19.0 9456107
10634 -21.0 9457218
10635 -13.0 9460052
10636 -19.0 9462672
10637 -10.0 9466283
10638 -17.0 9468440
10639 -17.0 9471199
10640 -19.0 9472534
10641 -18.0 9474315
10642 -16.0 9476726
10643 -21.0 9478868
10644 -21.0 9479255
10645 -21.0 9479702
10646 -21.0 9480575
10647 -20.0 9481412
10648 -21.0 9482280
10649 -21.0 9483515
10650 -19.0 9485946
10651 -18.0 9487360
10652 -17.0 9489824
10653 -19.0 9492983
10654 -11.0 9496332
10655 -7.0 9498845
10656 -16.0 9500470
10657 -9.0 9503914
10658 -2.0 9507714
10659 -13.0 9511342
10660 -21.0 9512581
10661 -5.0 9516101
10662 -19.0 9517741
10663 -15.0 9520233
10664 -16.0 9523502
10665 -15.0 9526053
10666 -18.0 9527709
10667 -17.0 9530047
10668 -16.0 9532591
10669 -10.0 9535715
10670 -16.0 9538731
10671 -15.0 9541100
10672 -20.0 9542596
10673 -18.0 9544016
10674 -15.0 9547419
10675 -20.0 9550013
10676 -15.0 9553068
10677 -17.0 9555103
10678 -18.0 9556876
10679 -20.0 9558310
10680 -21.0 9558757
10681 -21.0 9560293
10682 -19.0 9562840
10683 -19.0 9564968
10684 -21.0 9565595
10685 -16.0 9567960
10686 -20.0 9570261
10687 -20.0 9571697
10688 -19.0 9573695
10689 -18.0 9575533
10690 -17.0 9578055
10691 -20.0 9580292
10692 -18.0 9582308
10693 -20.0 9584363
10694 -19.0 9586193
10695 -21.0 9586640
10696 -21.0 9588665
10697 -15.0 9591645
10698 -13.0 9595556
10699 -20.0 9597853
10700 -16.0 9600026
10701 -21.0 9602246
10702 -20.0 9603819
10703 -17.0 9605609
10704 -19.0 9607422
10705 -17.0 9609460
10706 -20.0 9610775
10707 -13.0 9612827
10708 -12.0 9615494
10709 -16.0 9617794
10710 -15.0 9619738
10711 -21.0 9621589
10712 -16.0 9624619
10713 -7.0 9628274
10714 -15.0 9631369
10715 -13.0 9634874
10716 -13.0 9639163
10717 -16.0 9641527
10718 -20.0 9642297
10719 -20.0 9643252
10720 -15.0 9645988
10721 -6.0 9650344
10722 -21.0 9652928
10723 -13.0 9656494
10724 -11.0 9658995
10725 -15.0 9661736
10726 -21.0 9662966
10727 -15.0 9664912
10728 -19.0 9666364
10729 -18.0 9667536
10730 -20.0 9668183
10731 -20.0 9669074
10732 -19.0 9670413
10733 -20.0 9671364
10734 -21.0 9671995
10735 -21.0 9672816
10736 -19.0 9673963
10737 -21.0 9675621
10738 -13.0 9678089
10739 -15.0 9680346
10740 -19.0 9682590
10741 -17.0 9684444
10742 -15.0 9686271
10743 -19.0 9688279
10744 -5.0 9690884
10745 -16.0 9693606
10746 -15.0 9696525
10747 -19.0 9697673
10748 -19.0 9699127
10749 -19.0 9701862
10750 -13.0 9705361
10751 -16.0 9708034
10752 -19.0 9709660
10753 -15.0 9712032
10754 -19.0 9713849
10755 -19.0 9716532
10756 -18.0 9718374
10757 -19.0 9721962
10758 -18.0 9723865
10759 -11.0 9728427
10760 -13.0 9730954
10761 -16.0 9733010
10762 -10.0 9736499
10763 -18.0 9738458
10764 -14.0 9742012
10765 -17.0 9744788
10766 -17.0 9746458
10767 -18.0 9747812
10768 -17.0 9748999
10769 -21.0 9750247
10770 -18.0 9752385
10771 -17.0 9753994
10772 -16.0 9757260
10773 -9.0 9761125
10774 -19.0 9762703
10775 -17.0 9764748
10776 -20.0 9765700
10777 -16.0 9767711
10778 -21.0 9770532
10779 -16.0 9772526
10780 -20.0 9773726
10781 -17.0 9775702
10782 -20.0 9777270
10783 -15.0 9779340
10784 -18.0 9780764
10785 -19.0 9783134
10786 -16.0 9784890
10787 -19.0 9786051
10788 -19.0 9787752
10789 -19.0 9789335
10790 -20.0 9791447
10791 -20.0 9792412
10792 -20.0 9793186
10793 -19.0 9794588
10794 -17.0 9796799
10795 -14.0 9798711
10796 -19.0 9800343
10797 -19.0 9803390
10798 -16.0 9805806
10799 -12.0 9808107
10800 -9.0 9810584
10801 -19.0 9812038
10802 -17.0 9815044
10803 -13.0 9817561
10804 -17.0 9819487
10805 -9.0 9823047
10806 -20.0 9824245
10807 -15.0 9826493
10808 -18.0 9828207
10809 -20.0 9830617
10810 -14.0 9832518
10811 -13.0 9835881
10812 -15.0 9838810
10813 -18.0 9841133
10814 -20.0 9842584
10815 -15.0 9844357
10816 -18.0 9845342
10817 -18.0 9847001
10818 -18.0 9848970
10819 -20.0 9851263
10820 -16.0 9853256
10821 -21.0 9855289
10822 -18.0 9857058
10823 -17.0 9858301
10824 -17.0 9860467
10825 -19.0 9861561
10826 -18.0 9862671
10827 -19.0 9863944
10828 -18.0 9864863
10829 -20.0 9866002
10830 -20.0 9867254
10831 -21.0 9868611
10832 -17.0 9869738
10833 -20.0 9870928
10834 -18.0 9872277
10835 -21.0 9873091
10836 -20.0 9874408
10837 -21.0 9875341
10838 -16.0 9876549
10839 -20.0 9877133
10840 -20.0 9878035
10841 -19.0 9879062
10842 -17.0 9881516
10843 -21.0 9882990
10844 -21.0 9883377
10845 -18.0 9885207
10846 -21.0 9886020
10847 -21.0 9886407
10848 -21.0 9886794
10849 -21.0 9887181
10850 -18.0 9888474
10851 -13.0 9891120
10852 -15.0 9893971
10853 -21.0 9896231
10854 -21.0 9897893
10855 -18.0 9899606
10856 -21.0 9902311
10857 -11.0 9907114
10858 -13.0 9909701
10859 -21.0 9910629
10860 -21.0 9913270
10861 -9.0 9916778
10862 -14.0 9918382
10863 -18.0 9920347
10864 -18.0 9922437
10865 -17.0 9924846
10866 -17.0 9927240
10867 -16.0 9929412
10868 -13.0 9931697
10869 -15.0 9933404
10870 -15.0 9935292
10871 -17.0 9937149
10872 -17.0 9939001
10873 -20.0 9941174
10874 -10.0 9943869
10875 -11.0 9947103
10876 -18.0 9948270
10877 -15.0 9950226
10878 -17.0 9952327
10879 -21.0 9954063
10880 -17.0 9955924
10881 -18.0 9957582
10882 -21.0 9958390
10883 -16.0 9960694
10884 -17.0 9962544
10885 -18.0 9965251
10886 -18.0 9968970
10887 -17.0 9971378
10888 -12.0 9974284
10889 -19.0 9975921
10890 -14.0 9977827
10891 -21.0 9980414
10892 -16.0 9982351
10893 -19.0 9983257
10894 -15.0 9984967
10895 -17.0 9986511
10896 -18.0 9987867
10897 -19.0 9989140
10898 -19.0 9991276
10899 -18.0 9993242
10900 -14.0 9995150
10901 -17.0 9996576
10902 -21.0 9997944
10903 -18.0 9999305
10904 -17.0 10001827
10905 -19.0 10003111
10906 -19.0 10004630
10907 -9.0 10006982
10908 -15.0 10009414
10909 -11.0 10011363
10910 -16.0 10012740
10911 -9.0 10015825
10912 -6.0 10019017
10913 -18.0 10021461
10914 -21.0 10023183
10915 -19.0 10024878
10916 -21.0 10026301
10917 -18.0 10027967
10918 -18.0 10029445
10919 -20.0 10030575
10920 -17.0 10032673
10921 -18.0 10035126
10922 -19.0 10036460
10923 -19.0 10037795
10924 -19.0 10039071
10925 -17.0 10040625
10926 -21.0 10042592
10927 -15.0 10044235
10928 -18.0 10046551
10929 -19.0 10049284
10930 -18.0 10051792
10931 -13.0 10055167
10932 -15.0 10056875
10933 -12.0 10059430
10934 -19.0 10062108
10935 -19.0 10065278
10936 -21.0 10067802
10937 -19.0 10069696
10938 -13.0 10071735
10939 -21.0 10073040
10940 -21.0 10074954
10941 -18.0 10076673
10942 -15.0 10079599
10943 -16.0 10081784
10944 -21.0 10084244
10945 -19.0 10086254
10946 -16.0 10088747
10947 -20.0 10089705
10948 -15.0 10091468
10949 -16.0 10092725
10950 -18.0 10094502
10951 -16.0 10097960
10952 -18.0 10099549
10953 -18.0 10101449
10954 -20.0 10103807
10955 -16.0 10105251
10956 -16.0 10108028
10957 -17.0 10110619
10958 -12.0 10113043
10959 -18.0 10114987
10960 -18.0 10116695
10961 -20.0 10117599
10962 -17.0 10119333
10963 -14.0 10121127
10964 -17.0 10123345
10965 -20.0 10124540
10966 -18.0 10127411
10967 -18.0 10129488
10968 -20.0 10130871
10969 -18.0 10132046
10970 -18.0 10133642
10971 -21.0 10134877
10972 -17.0 10136913
10973 -20.0 10138651
10974 -19.0 10141312
10975 -19.0 10143314
10976 -17.0 10145472
10977 -20.0 10146490
10978 -16.0 10148609
10979 -20.0 10151310
10980 -20.0 10152825
10981 -4.0 10155697
10982 -20.0 10157499
10983 -16.0 10159361
10984 -15.0 10161313
10985 -12.0 10163371
10986 -7.0 10166253
10987 -19.0 10168437
10988 -18.0 10170155
10989 -18.0 10171516
10990 -20.0 10172166
10991 -20.0 10173723
10992 -20.0 10175238
10993 -16.0 10177597
10994 -21.0 10179811
10995 -15.0 10182424
10996 -20.0 10185738
10997 -14.0 10188250
10998 -21.0 10190153
10999 -17.0 10192671
11000 -10.0 10194585
11001 -21.0 10197725
11002 -17.0 10199400
11003 -20.0 10201324
11004 -18.0 10202732
11005 -16.0 10204494
11006 -17.0 10206106
11007 -18.0 10207219
11008 -20.0 10208062
11009 -21.0 10208449
11010 -20.0 10209280
11011 -20.0 10210174
11012 -21.0 10211050
11013 -18.0 10212344
11014 -17.0 10214375
11015 -17.0 10216286
11016 -14.0 10218185
11017 -14.0 10221181
11018 -18.0 10223144
11019 -21.0 10225295
11020 -18.0 10228274
11021 -14.0 10230664
11022 -13.0 10233497
11023 -15.0 10235561
11024 -17.0 10237592
11025 -15.0 10240816
11026 -21.0 10243760
11027 -17.0 10246397
11028 -20.0 10248029
11029 -19.0 10249602
11030 -19.0 10251364
11031 -20.0 10252745
11032 -19.0 10253961
11033 -20.0 10255230
11034 -21.0 10256289
11035 -19.0 10257196
11036 -20.0 10258829
11037 -19.0 10259742
11038 -21.0 10260737
11039 -20.0 10261629
11040 -20.0 10262528
11041 -20.0 10263608
11042 -21.0 10264720
11043 -18.0 10265773
11044 -19.0 10267717
11045 -18.0 10268578
11046 -17.0 10270259
11047 -18.0 10271360
11048 -19.0 10272388
11049 -19.0 10273727
11050 -19.0 10275911
11051 -20.0 10278515
11052 -18.0 10280111
11053 -14.0 10284025
11054 -18.0 10285674
11055 -19.0 10286887
11056 -20.0 10288637
11057 -20.0 10289956
11058 -21.0 10290711
11059 -21.0 10291158
11060 -19.0 10294077
11061 -18.0 10296956
11062 -18.0 10298302
11063 -19.0 10301769
11064 -20.0 10304788
11065 -20.0 10306962
11066 -16.0 10309318
11067 -19.0 10310955
11068 -10.0 10314628
11069 -20.0 10316683
11070 -16.0 10320074
11071 -15.0 10322325
11072 -20.0 10323401
11073 -9.0 10326731
11074 -1.0 10330315
11075 -21.0 10330886
11076 -18.0 10332414
11077 -13.0 10333969
11078 -12.0 10337072
11079 -17.0 10338997
11080 -21.0 10339504
11081 -21.0 10339951
11082 -21.0 10340458
11083 -21.0 10340965
11084 -19.0 10342484
11085 -19.0 10344117
11086 -20.0 10346652
11087 -19.0 10347991
11088 -13.0 10350283
11089 -16.0 10353262
11090 -18.0 10356011
11091 -20.0 10357822
11092 -21.0 10359917
11093 -19.0 10363070
11094 -18.0 10365398
11095 -18.0 10367357
11096 -17.0 10369158
11097 -18.0 10370519
11098 -19.0 10371363
11099 -15.0 10373690
11100 -16.0 10376176
11101 -18.0 10378316
11102 -14.0 10381214
11103 -15.0 10383715
11104 -18.0 10385982
11105 -18.0 10387395
11106 -19.0 10388854
11107 -20.0 10390538
11108 -19.0 10391383
11109 -20.0 10392584
11110 -21.0 10394986
11111 -21.0 10396472
11112 -13.0 10399920
11113 -20.0 10402823
11114 -16.0 10405123
11115 -18.0 10407452
11116 -18.0 10410801
11117 -12.0 10413715
11118 -18.0 10415065
11119 -17.0 10416190
11120 -18.0 10417780
11121 -20.0 10419960
11122 -18.0 10422339
11123 -15.0 10424103
11124 -19.0 10425133
11125 -17.0 10426623
11126 -20.0 10427949
11127 -20.0 10429950
11128 -17.0 10431376
11129 -13.0 10433183
11130 -20.0 10435710
11131 -17.0 10437509
11132 -21.0 10438625
11133 -18.0 10439921
11134 -21.0 10440734
11135 -19.0 10442254
11136 -20.0 10443152
11137 -20.0 10444166
11138 -20.0 10445003
11139 -20.0 10446382
11140 -15.0 10447967
11141 -20.0 10449403
11142 -18.0 10450213
11143 -21.0 10451886
11144 -15.0 10454213
11145 -20.0 10456088
11146 -19.0 10457001
11147 -18.0 10457989
11148 -19.0 10459883
11149 -16.0 10461818
11150 -20.0 10463993
11151 -15.0 10466910
11152 2.0 10470752
11153 -16.0 10473041
11154 -20.0 10475530
11155 -18.0 10477194
11156 -16.0 10479011
11157 -20.0 10480206
11158 -14.0 10482653
11159 -16.0 10484096
11160 -18.0 10487578
11161 -21.0 10489620
11162 -19.0 10492120
11163 -18.0 10494626
11164 -17.0 10496601
11165 -18.0 10497709
11166 -18.0 10499061
11167 -19.0 10501375
11168 -21.0 10503650
11169 -15.0 10505780
11170 -16.0 10507352
11171 -20.0 10508795
11172 -19.0 10510868
11173 -20.0 10512798
11174 -18.0 10515120
11175 -19.0 10516457
11176 -18.0 10518180
11177 -21.0 10518567
11178 -21.0 10518954
11179 -21.0 10519341
11180 -21.0 10519728
11181 -21.0 10520115
11182 -21.0 10520502
11183 -21.0 10520889
11184 -21.0 10521337
11185 -19.0 10524439
11186 -20.0 10525690
11187 -21.0 10527887
11188 -14.0 10529914
11189 -18.0 10531392
11190 -18.0 10533234
11191 -20.0 10535347
11192 -15.0 10538763
11193 -21.0 10540850
11194 -16.0 10544188
11195 -16.0 10545520
11196 -20.0 10546472
11197 -21.0 10547222
11198 -17.0 10548783
11199 -19.0 10549811
11200 -20.0 10552357
11201 -16.0 10555143
11202 -19.0 10557571
11203 -13.0 10560338
11204 -16.0 10562948
11205 -21.0 10565839
11206 -18.0 10567691
11207 -19.0 10571329
11208 -13.0 10574466
11209 -7.0 10577521
11210 -19.0 10579646
11211 -17.0 10581989
11212 -17.0 10583662
11213 -19.0 10585671
11214 -15.0 10587497
11215 -18.0 10588906
11216 -19.0 10591101
11217 -19.0 10593472
11218 -21.0 10594351
11219 -20.0 10596102
11220 -20.0 10597303
11221 -19.0 10598214
11222 -18.0 10599446
11223 -21.0 10601056
11224 -21.0 10601930
11225 -18.0 10602859
11226 -21.0 10604034
11227 -19.0 10604942
11228 -21.0 10605937
11229 -21.0 10607173
11230 -19.0 10608319
11231 -20.0 10609578
11232 -19.0 10611334
11233 -17.0 10612883
11234 -17.0 10614931
11235 -18.0 10616962
11236 -19.0 10617991
11237 -19.0 10619268
11238 -21.0 10620321
11239 -20.0 10622134
11240 -14.0 10625210
11241 -20.0 10626231
11242 -18.0 10627652
11243 -17.0 10630064
11244 -18.0 10631612
11245 -20.0 10633116
11246 -19.0 10635792
11247 -19.0 10637427
11248 -20.0 10639107
11249 -20.0 10640429
11250 -19.0 10641768
11251 -21.0 10643561
11252 -16.0 10644703
11253 -19.0 10646275
11254 -21.0 10647820
11255 -19.0 10649334
11256 -14.0 10651175
11257 -20.0 10652251
11258 -16.0 10654253
11259 -16.0 10656252
11260 -19.0 10657894
11261 -21.0 10659310
11262 -19.0 10660347
11263 -18.0 10661700
11264 -19.0 10663582
11265 -21.0 10665987
11266 -18.0 10668010
11267 -18.0 10669552
11268 -18.0 10672180
11269 -19.0 10674074
11270 -18.0 10676217
11271 -21.0 10677888
11272 -18.0 10680464
11273 -20.0 10682212
11274 -18.0 10684114
11275 -20.0 10685124
11276 -15.0 10686705
11277 -18.0 10688179
11278 -21.0 10689843
11279 -20.0 10691532
11280 -21.0 10692101
11281 -21.0 10692488
11282 -21.0 10692875
11283 -21.0 10693262
11284 -21.0 10693649
11285 -21.0 10694036
11286 -21.0 10694423
11287 -21.0 10694810
11288 -21.0 10695197
11289 -21.0 10695584
11290 -21.0 10696032
11291 -18.0 10696710
11292 -19.0 10698169
11293 -20.0 10699185
11294 -14.0 10701096
11295 -19.0 10704028
11296 -21.0 10707099
11297 -19.0 10710504
11298 -18.0 10712839
11299 -20.0 10714164
11300 -18.0 10714914
11301 -21.0 10716590
11302 -20.0 10717855
11303 -17.0 10719656
11304 -19.0 10721917
11305 -21.0 10723659
11306 -20.0 10724799
11307 -21.0 10726104
11308 -18.0 10728445
11309 -17.0 10730544
11310 -21.0 10731726
11311 -13.0 10734326
11312 -20.0 10735416
11313 -17.0 10737945
11314 -16.0 10740548
11315 -18.0 10742569
11316 -15.0 10746033
11317 -19.0 10748767
11318 -20.0 10749606
11319 -19.0 10751065
11320 -15.0 10754054
11321 -20.0 10755990
11322 -20.0 10757194
11323 -14.0 10760078
11324 -14.0 10762288
11325 -18.0 10765352
11326 -18.0 10767500
11327 -21.0 10769655
11328 -19.0 10772206
11329 -10.0 10774494
11330 -19.0 10776376
11331 -19.0 10778195
11332 -18.0 10779665
11333 -18.0 10780957
11334 -21.0 10781828
11335 -18.0 10783484
11336 -20.0 10784436
11337 -21.0 10785246
11338 -13.0 10787650
11339 -20.0 10788907
11340 -16.0 10790046
11341 -15.0 10792352
11342 -13.0 10794156
11343 -21.0 10794848
11344 -21.0 10795539
11345 -16.0 10797226
11346 -20.0 10798177
11347 -19.0 10799329
11348 -18.0 10800566
11349 -20.0 10801765
11350 -18.0 10802937
11351 -17.0 10804436
11352 -18.0 10805605
11353 -21.0 10806535
11354 -21.0 10807228
11355 -21.0 10808651
11356 -19.0 10809614
11357 -19.0 10810655
11358 -19.0 10811692
11359 -20.0 10812645
11360 -17.0 10813769
11361 -21.0 10814216
11362 -21.0 10814603
11363 -21.0 10814990
11364 -21.0 10815498
11365 -19.0 10816709
11366 -20.0 10818095
11367 -18.0 10820420
11368 -21.0 10821050
11369 -18.0 10822216
11370 -19.0 10823304
11371 -21.0 10824723
11372 -17.0 10828221
11373 -20.0 10829552
11374 -17.0 10831467
11375 -21.0 10831975
11376 -17.0 10833461
11377 -16.0 10835262
11378 -16.0 10837312
11379 -19.0 10839250
11380 -19.0 10841016
11381 -19.0 10842473
11382 -19.0 10843806
11383 -18.0 10845098
11384 -20.0 10846293
11385 -19.0 10847569
11386 -21.0 10849232
11387 -20.0 10851285
11388 -17.0 10852893
11389 -21.0 10853523
11390 -19.0 10855160
11391 -18.0 10857609
11392 -17.0 10859591
11393 -19.0 10861471
11394 -12.0 10863767
11395 -13.0 10866113
11396 -19.0 10868230
11397 -20.0 10869661
11398 -14.0 10871324
11399 -15.0 10873454
11400 -15.0 10876071
11401 -15.0 10878567
11402 -14.0 10880167
11403 -14.0 10883886
11404 -14.0 10886584
11405 -20.0 10887718
11406 -18.0 10889140
11407 -19.0 10890172
11408 -16.0 10892411
11409 -18.0 10893392
11410 -19.0 10894902
11411 -18.0 10897774
11412 -15.0 10900387
11413 -15.0 10903973
11414 -18.0 10905689
11415 -12.0 10909454
11416 -16.0 10911207
11417 -16.0 10913707
11418 -19.0 10915528
11419 -18.0 10917977
11420 -20.0 10918683
11421 -20.0 10919697
11422 -20.0 10920526
11423 -16.0 10922523
11424 -20.0 10924325
11425 -18.0 10925981
11426 -18.0 10926978
11427 -12.0 10930250
11428 -15.0 10932991
11429 -13.0 10935036
11430 -17.0 10937311
11431 -20.0 10938756
11432 -20.0 10940195
11433 -18.0 10941491
11434 -20.0 10942017
11435 -21.0 10943073
11436 -19.0 10944105
11437 -21.0 10945222
11438 -18.0 10946455
11439 -19.0 10948393
11440 -19.0 10950273
11441 -20.0 10951526
11442 -20.0 10952606
11443 -18.0 10953776
11444 -19.0 10954442
11445 -21.0 10954829
11446 -20.0 10955414
11447 -19.0 10957057
11448 -19.0 10958264
11449 -19.0 10959661
11450 -19.0 10961593
11451 -20.0 10962369
11452 -20.0 10963504
11453 -20.0 10964816
11454 -20.0 10965888
11455 -19.0 10967846
11456 -19.0 10969184
11457 -21.0 10970730
11458 -18.0 10972387
11459 -18.0 10973742
11460 -19.0 10974768
11461 -21.0 10976250
11462 -15.0 10978320
11463 -16.0 10980196
11464 -20.0 10981877
11465 -15.0 10984495
11466 -15.0 10987968
11467 -19.0 10991109
11468 -17.0 10993868
11469 -21.0 10995595
11470 -13.0 10998361
11471 -14.0 11000570
11472 -10.0 11003086
11473 -18.0 11005782
11474 -14.0 11008358
11475 -18.0 11009771
11476 -13.0 11012294
11477 -18.0 11014015
11478 -16.0 11015893
11479 -20.0 11017585
11480 -9.0 11020056
11481 -19.0 11022187
11482 -20.0 11024113
11483 -15.0 11026356
11484 -19.0 11028612
11485 -20.0 11031698
11486 -21.0 11032995
11487 -18.0 11035262
11488 -20.0 11036957
11489 -16.0 11038891
11490 -19.0 11041256
11491 -18.0 11043882
11492 -21.0 11045966
11493 -21.0 11047258
11494 -16.0 11049194
11495 -20.0 11050023
11496 -16.0 11051469
11497 -20.0 11053273
11498 -20.0 11054285
11499 -18.0 11055642
11500 -18.0 11056869
11501 -20.0 11058384
11502 -20.0 11059270
11503 -20.0 11060642
11504 -20.0 11061900
11505 -16.0 11063896
11506 -17.0 11065989
11507 -16.0 11068594
11508 -19.0 11071997
11509 -21.0 11074073
11510 -20.0 11077381
11511 -18.0 11080666
11512 -21.0 11083116
11513 -16.0 11086261
11514 -19.0 11088075
11515 -16.0 11090488
11516 -20.0 11091505
11517 -17.0 11093674
11518 -17.0 11097051
11519 -17.0 11098787
11520 -12.0 11102314
11521 -19.0 11105344
11522 -6.0 11110235
11523 -18.0 11111765
11524 -19.0 11113949
11525 -19.0 11116007
11526 -17.0 11118475
11527 -19.0 11119876
11528 -18.0 11121891
11529 -14.0 11124403
11530 -17.0 11126080
11531 -20.0 11128261
11532 -19.0 11130508
11533 -18.0 11132102
11534 -12.0 11134097
11535 -12.0 11136825
11536 -9.0 11140213
11537 -18.0 11141748
11538 -15.0 11144466
11539 -18.0 11145874
11540 -20.0 11147501
11541 -18.0 11149280
11542 -20.0 11151025
11543 -19.0 11153396
11544 -18.0 11155357
11545 -17.0 11157212
11546 -19.0 11158368
11547 -17.0 11160901
11548 -18.0 11162495
11549 -17.0 11163984
11550 -14.0 11166509
11551 -17.0 11168974
11552 -6.0 11172715
11553 -7.0 11175830
11554 -18.0 11177299
11555 -20.0 11178858
11556 -18.0 11180458
11557 -18.0 11183039
11558 -19.0 11184865
11559 -18.0 11186456
11560 -15.0 11188406
11561 -21.0 11189766
11562 -15.0 11191716
11563 -15.0 11194576
11564 -16.0 11196083
11565 -20.0 11197589
11566 -17.0 11199444
11567 -18.0 11201395
11568 -15.0 11202915
11569 -18.0 11204145
11570 -18.0 11206167
11571 -19.0 11208097
11572 -19.0 11209916
11573 -19.0 11211679
11574 -12.0 11216464
11575 -20.0 11218328
11576 -20.0 11220613
11577 -13.0 11223274
11578 -16.0 11225514
11579 -16.0 11227149
11580 -20.0 11228963
11581 -17.0 11231614
11582 -21.0 11233648
11583 -16.0 11236118
11584 -15.0 11238319
11585 -19.0 11239597
11586 -19.0 11240755
11587 -18.0 11242665
11588 -18.0 11244864
11589 -17.0 11247204
11590 -15.0 11248963
11591 -21.0 11249838
11592 -19.0 11250812
11593 -11.0 11252645
11594 -18.0 11254611
11595 -17.0 11256158
11596 -20.0 11257667
11597 -17.0 11258980
11598 -18.0 11261608
11599 -17.0 11263820
11600 -18.0 11266251
11601 -8.0 11268869
11602 -20.0 11270490
11603 -20.0 11271628
11604 -19.0 11272536
11605 -19.0 11273564
11606 -20.0 11274765
11607 -21.0 11275946
11608 -17.0 11277737
11609 -19.0 11278830
11610 -20.0 11279547
11611 -19.0 11280521
11612 -17.0 11281772
11613 -18.0 11283003
11614 -21.0 11283692
11615 -20.0 11285319
11616 -20.0 11286267
11617 -21.0 11286837
11618 -19.0 11287561
11619 -21.0 11288492
11620 -21.0 11290043
11621 -19.0 11291196
11622 -20.0 11292394
11623 -16.0 11294334
11624 -20.0 11295470
11625 -17.0 11297019
11626 -18.0 11299055
11627 -17.0 11301522
11628 -14.0 11303253
11629 -12.0 11305618
11630 -20.0 11307964
11631 -21.0 11310410
11632 -19.0 11312103
11633 -20.0 11314575
11634 -15.0 11317188
11635 -10.0 11319949
11636 -17.0 11322344
11637 -18.0 11323576
11638 -15.0 11326192
11639 -15.0 11328195
11640 -19.0 11330678
11641 -11.0 11332876
11642 -12.0 11336688
11643 -17.0 11338908
11644 -20.0 11341571
11645 -11.0 11344734
11646 -18.0 11346019
11647 -20.0 11347404
11648 -17.0 11349378
11649 -20.0 11351118
11650 -20.0 11352857
11651 -18.0 11355253
11652 -15.0 11357506
11653 -15.0 11359691
11654 -17.0 11361609
11655 -9.0 11363779
11656 -17.0 11365274
11657 -19.0 11368008
11658 -18.0 11369848
11659 -9.0 11372992
11660 -17.0 11374363
11661 -20.0 11375926
11662 -21.0 11377164
11663 -19.0 11378744
11664 -17.0 11380536
11665 -18.0 11382197
11666 -21.0 11383554
11667 -10.0 11386377
11668 -20.0 11387274
11669 -21.0 11388642
11670 -20.0 11390755
11671 -18.0 11393563
11672 -20.0 11394886
11673 -13.0 11397716
11674 -17.0 11400001
11675 -20.0 11401263
11676 -17.0 11403057
11677 -19.0 11404688
11678 -21.0 11405804
11679 -21.0 11406738
11680 -18.0 11408337
11681 -19.0 11410155
11682 -18.0 11411440
11683 -19.0 11412833
11684 -21.0 11413828
11685 -20.0 11416184
11686 -16.0 11418233
11687 -19.0 11419681
11688 -17.0 11422023
11689 -21.0 11423018
11690 -17.0 11424691
11691 -18.0 11426405
11692 -16.0 11428277
11693 -14.0 11431697
11694 -19.0 11433998
11695 -16.0 11435691
11696 -19.0 11436900
11697 -18.0 11438865
11698 -16.0 11440075
11699 -20.0 11440721
11700 -21.0 11441907
11701 -19.0 11443368
11702 -20.0 11444211
11703 -20.0 11445718
11704 -18.0 11447549
11705 -15.0 11448890
11706 -18.0 11450191
11707 -20.0 11451390
11708 -15.0 11453700
11709 -16.0 11455506
11710 -18.0 11457229
11711 -17.0 11458593
11712 -19.0 11461453
11713 -17.0 11463059
11714 -19.0 11465005
11715 -9.0 11468631
11716 -11.0 11471009
11717 -13.0 11472575
11718 -19.0 11474455
11719 -19.0 11476151
11720 -17.0 11478252
11721 -14.0 11480583
11722 -17.0 11483401
11723 -16.0 11485760
11724 -17.0 11487862
11725 -11.0 11490558
11726 -10.0 11493085
11727 -15.0 11495639
11728 -18.0 11497782
11729 -17.0 11499693
11730 -14.0 11501785
11731 -20.0 11503463
11732 -20.0 11506378
11733 -14.0 11509502
11734 -17.0 11512086
11735 -17.0 11513090
11736 -21.0 11513659
11737 -21.0 11514046
11738 -21.0 11514433
11739 -19.0 11515155
11740 -21.0 11517075
11741 -17.0 11519353
11742 -19.0 11521592
11743 -17.0 11523825
11744 -15.0 11526327
11745 -21.0 11528549
11746 -18.0 11529962
11747 -21.0 11530349
11748 -21.0 11530736
11749 -21.0 11531123
11750 -19.0 11532271
11751 -17.0 11535339
11752 -19.0 11537164
11753 -12.0 11539717
11754 -19.0 11541107
11755 -19.0 11543354
11756 -21.0 11546059
11757 -18.0 11548079
11758 -21.0 11550175
11759 -18.0 11552203
11760 -18.0 11553867
11761 -17.0 11556996
11762 -18.0 11559199
11763 -13.0 11561610
11764 -19.0 11563008
11765 -4.0 11566595
11766 -11.0 11569999
11767 -14.0 11572460
11768 -18.0 11573629
11769 -19.0 11574794
11770 -18.0 11576272
11771 -19.0 11579006
11772 -16.0 11581418
11773 -18.0 11584290
11774 -17.0 11586559
11775 -20.0 11588428
11776 -17.0 11590705
11777 -11.0 11593946
11778 -13.0 11595867
11779 -20.0 11597187
11780 -15.0 11598595
11781 -20.0 11599928
11782 -17.0 11601717
11783 -17.0 11603088
11784 -17.0 11604513
11785 -21.0 11605746
11786 -19.0 11607203
11787 -21.0 11609417
11788 -16.0 11611405
11789 -16.0 11613581
11790 -17.0 11616457
11791 -11.0 11620246
11792 -14.0 11621843
11793 -20.0 11623776
11794 -8.0 11627665
11795 -17.0 11629882
11796 -13.0 11632645
11797 -18.0 11635150
11798 -20.0 11636282
11799 -17.0 11638250
11800 -20.0 11639449
11801 -20.0 11640526
11802 -21.0 11641282
11803 -20.0 11642303
11804 -19.0 11643646
11805 -19.0 11645157
11806 -18.0 11646809
11807 -16.0 11650439
11808 -9.0 11652550
11809 -18.0 11654391
11810 -5.0 11658330
11811 -21.0 11660358
11812 -15.0 11663273
11813 -12.0 11666795
11814 -17.0 11668842
11815 -20.0 11669607
11816 -19.0 11672529
11817 -15.0 11675762
11818 -15.0 11678885
11819 -18.0 11682078
11820 -20.0 11683762
11821 -18.0 11685780
11822 -19.0 11688201
11823 -14.0 11690529
11824 -17.0 11693160
11825 -19.0 11694490
11826 -19.0 11695822
11827 -13.0 11697982
11828 -15.0 11700958
11829 -19.0 11703394
11830 -21.0 11704629
11831 -21.0 11706595
11832 -13.0 11708443
11833 -20.0 11710011
11834 -16.0 11712003
11835 -19.0 11713760
11836 -20.0 11715261
11837 -17.0 11717838
11838 -17.0 11720734
11839 -4.0 11723975
11840 -19.0 11726466
11841 -18.0 11728307
11842 -18.0 11729903
11843 -20.0 11730921
11844 -18.0 11732043
11845 -19.0 11733374
11846 -21.0 11735102
11847 -17.0 11736785
11848 -20.0 11739078
11849 -19.0 11740304
11850 -20.0 11741630
11851 -20.0 11743672
11852 -21.0 11745154
11853 -17.0 11746889
11854 -19.0 11748155
11855 -18.0 11750727
11856 -20.0 11752651
11857 -18.0 11755100
11858 -20.0 11756115
11859 -20.0 11757367
11860 -19.0 11758335
11861 -17.0 11760974
11862 -11.0 11763595
11863 -16.0 11766917
11864 -19.0 11768749
11865 -13.0 11771699
11866 -13.0 11774042
11867 -15.0 11778541
11868 -17.0 11781145
11869 -18.0 11783719
11870 -20.0 11785221
11871 -14.0 11787979
11872 -20.0 11789355
11873 -16.0 11790991
11874 -19.0 11793360
11875 -19.0 11794448
11876 -18.0 11795919
11877 -18.0 11797394
11878 -18.0 11798870
11879 -18.0 11800411
11880 -20.0 11801795
11881 -13.0 11804801
11882 -21.0 11806889
11883 -19.0 11809199
11884 -17.0 11810748
11885 -19.0 11813666
11886 -16.0 11816703
11887 -17.0 11819226
11888 -20.0 11820494
11889 -20.0 11821327
11890 -19.0 11822847
11891 -11.0 11824745
11892 -19.0 11825717
11893 -20.0 11827711
11894 -19.0 11829833
11895 -20.0 11830425
11896 -20.0 11831552
11897 -20.0 11833424
11898 -16.0 11835419
11899 -19.0 11837480
11900 -15.0 11839492
11901 -20.0 11840502
11902 -20.0 11841285
11903 -19.0 11843350
11904 -16.0 11846495
11905 -18.0 11847847
11906 -16.0 11850024
11907 -16.0 11852263
11908 -20.0 11853460
11909 -21.0 11855309
11910 -20.0 11858091
11911 -14.0 11860249
11912 -19.0 11862868
11913 -10.0 11865749
11914 -18.0 11867760
11915 -11.0 11870388
11916 -21.0 11872352
11917 -10.0 11874504
11918 -17.0 11876591
11919 -15.0 11878905
11920 -17.0 11881786
11921 -19.0 11884514
11922 -20.0 11885402
11923 -13.0 11889033
11924 -21.0 11890698
11925 -20.0 11893050
11926 -5.0 11896140
11927 -16.0 11899593
11928 -14.0 11902112
11929 -21.0 11902559
11930 -17.0 11904115
11931 -20.0 11906785
11932 -18.0 11910645
11933 -20.0 11911353
11934 -20.0 11912733
11935 -17.0 11915876
11936 -18.0 11918143
11937 -17.0 11920612
11938 -15.0 11923221
11939 -10.0 11925616
11940 -12.0 11927438
11941 -11.0 11929817
11942 -11.0 11934140
11943 -19.0 11936069
11944 -13.0 11939641
11945 -19.0 11941158
11946 -19.0 11942552
11947 -18.0 11943780
11948 -17.0 11945331
11949 -20.0 11946527
11950 -18.0 11948252
11951 -15.0 11950152
11952 -19.0 11952036
11953 -21.0 11953462
11954 -19.0 11955471
11955 -18.0 11956891
11956 -16.0 11958152
11957 -20.0 11959041
11958 -20.0 11960732
11959 -18.0 11962507
11960 -9.0 11966130
11961 -17.0 11968157
11962 -13.0 11971167
11963 -15.0 11974448
11964 -20.0 11977052
11965 -16.0 11979844
11966 -17.0 11981826
11967 -19.0 11984200
11968 -17.0 11987098
11969 -19.0 11988606
11970 -21.0 11991487
11971 -16.0 11993614
11972 -14.0 11996126
11973 -17.0 11998101
11974 -16.0 12000344
11975 -14.0 12003107
11976 -9.0 12005897
11977 -17.0 12007506
11978 -19.0 12008842
11979 -20.0 12009864
11980 -19.0 12011146
11981 -19.0 12012115
11982 -21.0 12013539
11983 -16.0 12015108
11984 -18.0 12016220
11985 -18.0 12017392
11986 -19.0 12018666
11987 -18.0 12019894
11988 -19.0 12021416
11989 -18.0 12023247
11990 -18.0 12024846
11991 -18.0 12026855
11992 -20.0 12029381
11993 -18.0 12030618
11994 -20.0 12032969
11995 -11.0 12035220
11996 -21.0 12037667
11997 -4.0 12040894
11998 -16.0 12042455
11999 -18.0 12044532
12000 -20.0 12045366
12001 -19.0 12046762
12002 -16.0 12048583
12003 -18.0 12050300
12004 -18.0 12051603
12005 -20.0 12052251
12006 -18.0 12053547
12007 -17.0 12054921
12008 -14.0 12059390
12009 -19.0 12061086
12010 -20.0 12062234
12011 -19.0 12063208
12012 -18.0 12064624
12013 -20.0 12065461
12014 -21.0 12066763
12015 -18.0 12067692
12016 -20.0 12069448
12017 -20.0 12071675
12018 2.0 12075025
12019 -11.0 12078317
12020 -20.0 12079755
12021 -18.0 12082022
12022 -3.0 12085819
12023 -15.0 12087524
12024 -13.0 12090246
12025 -18.0 12092210
12026 -20.0 12093342
12027 -18.0 12096216
12028 -9.0 12098988
12029 -15.0 12100688
12030 -14.0 12103135
12031 -20.0 12104152
12032 -20.0 12106024
12033 -20.0 12107587
12034 -17.0 12109995
12035 -13.0 12112285
12036 -20.0 12114509
12037 -15.0 12117364
12038 -14.0 12120368
12039 -12.0 12123815
12040 -14.0 12126505
12041 -19.0 12128932
12042 -7.0 12132478
12043 -19.0 12134717
12044 -17.0 12137545
12045 -11.0 12141075
12046 -20.0 12143187
12047 -18.0 12144608
12048 -20.0 12145561
12049 -20.0 12147371
12050 -20.0 12149008
12051 -19.0 12150945
12052 -20.0 12152939
12053 -18.0 12155086
12054 -20.0 12157250
12055 -9.0 12160814
12056 -13.0 12164680
12057 -18.0 12166157
12058 -19.0 12167373
12059 -15.0 12169694
12060 -20.0 12170400
12061 -15.0 12172229
12062 -13.0 12175245
12063 -13.0 12177907
12064 -15.0 12181388
12065 -19.0 12183208
12066 -21.0 12185119
12067 -20.0 12186130
12068 -11.0 12189778
12069 -14.0 12192599
12070 -10.0 12196816
12071 -21.0 12199708
12072 -20.0 12201579
12073 -18.0 12202749
12074 -19.0 12203777
12075 -21.0 12205689
12076 -18.0 12207233
12077 -20.0 12208373
12078 -16.0 12210611
12079 -20.0 12213704
12080 -18.0 12216446
12081 -17.0 12218115
12082 -17.0 12221747
12083 -11.0 12224861
12084 -6.0 12227687
12085 -19.0 12228907
12086 -14.0 12230940
12087 -18.0 12233632
12088 -5.0 12238419
12089 -13.0 12241318
12090 -19.0 12242710
12091 -21.0 12244991
12092 -19.0 12246693
12093 -18.0 12248157
12094 -19.0 12250042
12095 -18.0 12251761
12096 -14.0 12253367
12097 -18.0 12255456
12098 -19.0 12257343
12099 -20.0 12258901
12100 -13.0 12262022
12101 -15.0 12264394
12102 -16.0 12266506
12103 -11.0 12269614
12104 -14.0 12271519
12105 -20.0 12272655
12106 -19.0 12273815
12107 -17.0 12275315
12108 -13.0 12278028
12109 -6.0 12281343
12110 -10.0 12285562
12111 -17.0 12287299
12112 -20.0 12288928
12113 -18.0 12290350
12114 -19.0 12292543
12115 -15.0 12294675
12116 -13.0 12297091
12117 -18.0 12299721
12118 -16.0 12301659
12119 -17.0 12303327
12120 -17.0 12305663
12121 -21.0 12307698
12122 -20.0 12309443
12123 -18.0 12311529
12124 -20.0 12313091
12125 -20.0 12313862
12126 -18.0 12314968
12127 -17.0 12317672
12128 -19.0 12319674
12129 -20.0 12321782
12130 -20.0 12323345
12131 -17.0 12324902
12132 -17.0 12326342
12133 -19.0 12327559
12134 -21.0 12328496
12135 -20.0 12330729
12136 -19.0 12332130
12137 -20.0 12333818
12138 -18.0 12334684
12139 -17.0 12336911
12140 -18.0 12338679
12141 -19.0 12341646
12142 -15.0 12343416
12143 -17.0 12345578
12144 -13.0 12349248
12145 -16.0 12352334
12146 -14.0 12355515
12147 -15.0 12358074
12148 -4.0 12362156
12149 -13.0 12366325
12150 -18.0 12368291
12151 -15.0 12371456
12152 -19.0 12372974
12153 -19.0 12375164
12154 -15.0 12377301
12155 -20.0 12378252
12156 -18.0 12380153
12157 -4.0 12383558
12158 -14.0 12385705
12159 -15.0 12388024
12160 -13.0 12391279
12161 -18.0 12393243
12162 -14.0 12395948
12163 -15.0 12398381
12164 -15.0 12400698
12165 -18.0 12403396
12166 -19.0 12406927
12167 -20.0 12408491
12168 -19.0 12410685
12169 -18.0 12412234
12170 -20.0 12413615
12171 -20.0 12415422
12172 -13.0 12417700
12173 -16.0 12420237
12174 -12.0 12424174
12175 -15.0 12428423
12176 -16.0 12431760
12177 -13.0 12434404
12178 -20.0 12436819
12179 -18.0 12439158
12180 -16.0 12441463
12181 -14.0 12444410
12182 -13.0 12447124
12183 -14.0 12449581
12184 -18.0 12451845
12185 -20.0 12453961
12186 -18.0 12455506
12187 -20.0 12457314
12188 -20.0 12458939
12189 -16.0 12460630
12190 -15.0 12462218
12191 -21.0 12463582
12192 -20.0 12464719
12193 -18.0 12465957
12194 -21.0 12467189
12195 -20.0 12468864
12196 -18.0 12470095
12197 -21.0 12471942
12198 -18.0 12473294
12199 -17.0 12475701
12200 -13.0 12478417
12201 -17.0 12480281
12202 -18.0 12482544
12203 -19.0 12484239
12204 -15.0 12486493
12205 -19.0 12489881
12206 -12.0 12492055
12207 -19.0 12493820
12208 -18.0 12496321
12209 -11.0 12500406
12210 -15.0 12503437
12211 -14.0 12505830
12212 -19.0 12507604
12213 -15.0 12510770
12214 -18.0 12511878
12215 -10.0 12514869
12216 -19.0 12515896
12217 -19.0 12518331
12218 -17.0 12520981
12219 -19.0 12522991
12220 -21.0 12525325
12221 -16.0 12527869
12222 -19.0 12530535
12223 -12.0 12533872
12224 -20.0 12535075
12225 -13.0 12537735
12226 -18.0 12539640
12227 -20.0 12540657
12228 -18.0 12541891
12229 -13.0 12544002
12230 -6.0 12547977
12231 -11.0 12551080
12232 -21.0 12553715
12233 -18.0 12556583
12234 -20.0 12557353
12235 -12.0 12559899
12236 -15.0 12561792
12237 -19.0 12562634
12238 -15.0 12564471
12239 -21.0 12566564
12240 -8.0 12569831
12241 -18.0 12571002
12242 -14.0 12572666
12243 -15.0 12574676
12244 -18.0 12576950
12245 -19.0 12577796
12246 -11.0 12581264
12247 -10.0 12585169
12248 -18.0 12586036
12249 -18.0 12587206
12250 -20.0 12588536
12251 -20.0 12589979
12252 -20.0 12591913
12253 -19.0 12595312
12254 -16.0 12597849
12255 -18.0 12599569
12256 -20.0 12601441
12257 -16.0 12603549
12258 -17.0 12607106
12259 -15.0 12610213
12260 -17.0 12612559
12261 -20.0 12613329
12262 -18.0 12614566
12263 -17.0 12615688
12264 -18.0 12617710
12265 -16.0 12620618
12266 -14.0 12622889
12267 -17.0 12625176
12268 -9.0 12628686
12269 -11.0 12631794
12270 -21.0 12633279
12271 -15.0 12635467
12272 -20.0 12636726
12273 -17.0 12638034
12274 -20.0 12639411
12275 -17.0 12641079
12276 -20.0 12643801
12277 -18.0 12645578
12278 -15.0 12647348
12279 -19.0 12649053
12280 -17.0 12650119
12281 -20.0 12651625
12282 -18.0 12653535
12283 -20.0 12654549
12284 -19.0 12657046
12285 -18.0 12658951
12286 -16.0 12660886
12287 -14.0 12664183
12288 -19.0 12665639
12289 -19.0 12667895
12290 -20.0 12670312
12291 -18.0 12673062
12292 -10.0 12676137
12293 -17.0 12678659
12294 -8.0 12682671
12295 -16.0 12684735
12296 -17.0 12686838
12297 -19.0 12688050
12298 -18.0 12688853
12299 -16.0 12690237
12300 -20.0 12691247
12301 -21.0 12692547
12302 -19.0 12693884
12303 -20.0 12695322
12304 -20.0 12697483
12305 -19.0 12699061
12306 -19.0 12701258
12307 -17.0 12703473
12308 -18.0 12705310
12309 -17.0 12708313
12310 -18.0 12710508
12311 -18.0 12712291
12312 -19.0 12713881
12313 -20.0 12716248
12314 -17.0 12718337
12315 -9.0 12722088
12316 -19.0 12723360
12317 -14.0 12725704
12318 -14.0 12728938
12319 -9.0 12731772
12320 7.0 12735338
12321 -14.0 12737482
12322 -10.0 12739876
12323 -15.0 12743833
12324 -17.0 12745873
12325 -10.0 12748511
12326 -14.0 12750605
12327 -13.0 12753811
12328 -12.0 12756666
12329 6.0 12760490
12330 -17.0 12764597
12331 -17.0 12767057
12332 -21.0 12769207
12333 -15.0 12771161
12334 -13.0 12774180
12335 -18.0 12776153
12336 -13.0 12779298
12337 -17.0 12781449
12338 -17.0 12783968
12339 -16.0 12786631
12340 -16.0 12789647
12341 -17.0 12792542
12342 -16.0 12794525
12343 -19.0 12796104
12344 -18.0 12799530
12345 -19.0 12801106
12346 -19.0 12802501
12347 -19.0 12805230
12348 -13.0 12807701
12349 -13.0 12810833
12350 -1.0 12815388
12351 -17.0 12818712
12352 -4.0 12821693
12353 -18.0 12824316
12354 -16.0 12827278
12355 -13.0 12829010
12356 -18.0 12831939
12357 -19.0 12834729
12358 -18.0 12836262
12359 -12.0 12839362
12360 -14.0 12842303
12361 -19.0 12844300
12362 -19.0 12846241
12363 -18.0 12848938
12364 -15.0 12851377
12365 -20.0 12852580
12366 -20.0 12853780
12367 -16.0 12856197
12368 -14.0 12858951
12369 -12.0 12861498
12370 -19.0 12862894
12371 -20.0 12864214
12372 -19.0 12865965
12373 -19.0 12868695
12374 -14.0 12871271
12375 -18.0 12873725
12376 -20.0 12875411
12377 -10.0 12879075
12378 -15.0 12882043
12379 -13.0 12885052
12380 -21.0 12886718
12381 -20.0 12887735
12382 -18.0 12889399
12383 -20.0 12890722
12384 -17.0 12892516
12385 -18.0 12894838
12386 -19.0 12897567
12387 -16.0 12900591
12388 -13.0 12904023
12389 -18.0 12907629
12390 -18.0 12909473
12391 -18.0 12912552
12392 -19.0 12915353
12393 -17.0 12918051
12394 -13.0 12921684
12395 -19.0 12923141
12396 -18.0 12924367
12397 -16.0 12927833
12398 -8.0 12931535
12399 -12.0 12934631
12400 -17.0 12937877
12401 -18.0 12940202
12402 -10.0 12942786
12403 -19.0 12944058
12404 -16.0 12946613
12405 -18.0 12948452
12406 -20.0 12949223
12407 -18.0 12951316
12408 -19.0 12952772
12409 -20.0 12955194
12410 -13.0 12958338
12411 -21.0 12960982
12412 -18.0 12962702
12413 -18.0 12964548
12414 -19.0 12968149
12415 -15.0 12970288
12416 -20.0 12972096
12417 -11.0 12974546
12418 -17.0 12977072
12419 -17.0 12978990
12420 -19.0 12980027
12421 -18.0 12981313
12422 -16.0 12983670
12423 -15.0 12987200
12424 -17.0 12990632
12425 -9.0 12993222
12426 -19.0 12995048
12427 -20.0 12997961
12428 -12.0 13000928
12429 -14.0 13002654
12430 -21.0 13005113
12431 -13.0 13008865
12432 -21.0 13011386
12433 -14.0 13013961
12434 -17.0 13016609
12435 -17.0 13020286
12436 -10.0 13022981
12437 -15.0 13026215
12438 -12.0 13028210
12439 -16.0 13030272
12440 -19.0 13033675
12441 -16.0 13034880
12442 -17.0 13036381
12443 -19.0 13037407
12444 -21.0 13038957
12445 -12.0 13042665
12446 -15.0 13045640
12447 -12.0 13048073
12448 -15.0 13051114
12449 -13.0 13054723
12450 -20.0 13057020
12451 -16.0 13058775
12452 -18.0 13061901
12453 -19.0 13063115
12454 -19.0 13064933
12455 -15.0 13067484
12456 -15.0 13069739
12457 -20.0 13071668
12458 -18.0 13073089
12459 -18.0 13075344
12460 -20.0 13076475
12461 -20.0 13078103
12462 -19.0 13080351
12463 -18.0 13083410
12464 -18.0 13085069
12465 -17.0 13086981
12466 -17.0 13088474
12467 -19.0 13090905
12468 -21.0 13092751
12469 -19.0 13094091
12470 -19.0 13095845
12471 -19.0 13097295
12472 -4.0 13100898
12473 -17.0 13102816
12474 -18.0 13104598
12475 -19.0 13107203
12476 -17.0 13108995
12477 -18.0 13110111
12478 -19.0 13111079
12479 -18.0 13113893
12480 -18.0 13116268
12481 -8.0 13120706
12482 -14.0 13123699
12483 -11.0 13127299
12484 -14.0 13130240
12485 -18.0 13131951
12486 -13.0 13135507
12487 -16.0 13137440
12488 -18.0 13139092
12489 -19.0 13140729
12490 -16.0 13143404
12491 -17.0 13145882
12492 -20.0 13147566
12493 -19.0 13148842
12494 -20.0 13150724
12495 -20.0 13151374
12496 -15.0 13154247
12497 -17.0 13156530
12498 -17.0 13159054
12499 -21.0 13162364
12500 -18.0 13164944
12501 -21.0 13167771
12502 -19.0 13169720
12503 -16.0 13172269
12504 -18.0 13173684
12505 -19.0 13175081
12506 -19.0 13177589
12507 -16.0 13182320
12508 -10.0 13184837
12509 -19.0 13188425
12510 -4.0 13193898
12511 -8.0 13197473
12512 -14.0 13199390
12513 -14.0 13202383
12514 -20.0 13204497
12515 -19.0 13206509
12516 -14.0 13209255
12517 -15.0 13211575
12518 -19.0 13213461
12519 -14.0 13215738
12520 -19.0 13217802
12521 -13.0 13220145
12522 -21.0 13222664
12523 -17.0 13224816
12524 -17.0 13226609
12525 -18.0 13228146
12526 -7.0 13232535
12527 -16.0 13235029
12528 -20.0 13235864
12529 -19.0 13236833
12530 -18.0 13238489
12531 -11.0 13241418
12532 -16.0 13244871
12533 -19.0 13246863
12534 -18.0 13248408
12535 -18.0 13250553
12536 -18.0 13252590
12537 -20.0 13254273
12538 -18.0 13257330
12539 -16.0 13259762
12540 -19.0 13261592
12541 -19.0 13263539
12542 -15.0 13265794
12543 -17.0 13267831
12544 -10.0 13270903
12545 -18.0 13272132
12546 -17.0 13274963
12547 -13.0 13277368
12548 -16.0 13279369
12549 -17.0 13281037
12550 -6.0 13284468
12551 -16.0 13286641
12552 -18.0 13288307
12553 -5.0 13291763
12554 -20.0 13293871
12555 -14.0 13296868
12556 -19.0 13298689
12557 -20.0 13299577
12558 -17.0 13302286
12559 -17.0 13304389
12560 -12.0 13306516
12561 -20.0 13308030
12562 -16.0 13309904
12563 -19.0 13311239
12564 -17.0 13314191
12565 -18.0 13315602
12566 -17.0 13317214
12567 -20.0 13318972
12568 -19.0 13321106
12569 -15.0 13325735
12570 -7.0 13330247
12571 -15.0 13333602
12572 -15.0 13334998
12573 -20.0 13336818
12574 -11.0 13340242
12575 -19.0 13342496
12576 5.0 13346461
12577 -19.0 13349025
12578 -17.0 13351002
12579 -20.0 13352877
12580 -13.0 13355036
12581 -14.0 13359742
12582 -16.0 13362354
12583 -19.0 13363941
12584 -18.0 13365667
12585 -19.0 13367002
12586 -16.0 13368999
12587 -20.0 13370745
12588 -17.0 13372605
12589 -18.0 13374744
12590 -14.0 13377688
12591 -16.0 13380295
12592 -12.0 13385081
12593 -16.0 13387619
12594 -19.0 13389865
12595 -19.0 13391817
12596 -19.0 13393644
12597 -16.0 13396864
12598 -19.0 13399224
12599 -20.0 13400599
12600 -20.0 13402345
12601 -18.0 13403643
12602 -19.0 13405710
12603 -18.0 13408223
12604 -13.0 13409965
12605 -17.0 13411159
12606 -17.0 13413191
12607 -11.0 13416548
12608 -18.0 13420700
12609 -13.0 13424080
12610 -20.0 13425713
12611 -17.0 13428295
12612 -19.0 13430240
12613 -8.0 13432562
12614 -18.0 13434948
12615 -13.0 13438152
12616 -10.0 13441705
12617 -4.0 13445308
12618 -19.0 13448703
12619 -12.0 13451493
12620 -12.0 13455014
12621 -18.0 13457164
12622 -17.0 13459941
12623 -18.0 13462326
12624 -19.0 13464960
12625 -3.0 13468806
12626 -14.0 13471924
12627 -19.0 13473682
12628 -20.0 13476104
12629 -18.0 13478860
12630 -11.0 13481116
12631 -18.0 13482652
12632 -10.0 13485285
12633 -18.0 13486941
12634 -19.0 13488817
12635 -19.0 13490460
12636 -20.0 13492155
12637 -19.0 13493369
12638 -17.0 13495466
12639 -19.0 13497964
12640 -20.0 13499649
12641 -5.0 13504506
12642 -13.0 13508125
12643 -11.0 13511597
12644 -19.0 13512754
12645 -14.0 13515144
12646 -7.0 13518861
12647 -18.0 13521246
12648 2.0 13524908
12649 -19.0 13527036
12650 -5.0 13530913
12651 -13.0 13533435
12652 -17.0 13535836
12653 -20.0 13538067
12654 -17.0 13540827
12655 -18.0 13542784
12656 -19.0 13544420
12657 -19.0 13546549
12658 -17.0 13547799
12659 -19.0 13549315
12660 -16.0 13551191
12661 -18.0 13553950
12662 -17.0 13555939
12663 -17.0 13557924
12664 -18.0 13559344
12665 -20.0 13559991
12666 -10.0 13562393
12667 -18.0 13564660
12668 -16.0 13568118
12669 -16.0 13570417
12670 -13.0 13573674
12671 -17.0 13575889
12672 -6.0 13579683
12673 -17.0 13581532
12674 -18.0 13583975
12675 -15.0 13586966
12676 -12.0 13589991
12677 -6.0 13593424
12678 -19.0 13595125
12679 12.0 13598857
12680 -15.0 13601907
12681 -10.0 13603821
12682 -12.0 13605763
12683 -19.0 13608991
12684 -20.0 13611351
12685 -13.0 13614110
12686 -18.0 13616007
12687 -18.0 13617415
12688 -17.0 13619627
12689 -18.0 13621049
12690 -13.0 13623212
12691 -17.0 13625371
12692 -19.0 13626763
12693 -16.0 13629787
12694 -11.0 13632414
12695 -15.0 13635401
12696 -16.0 13637274
12697 -19.0 13638485
12698 -14.0 13641051
12699 -17.0 13644671
12700 -20.0 13646783
12701 -20.0 13649029
12702 -17.0 13650881
12703 -19.0 13652104
12704 -20.0 13654151
12705 -15.0 13656825
12706 -19.0 13659614
12707 -14.0 13662737
12708 -16.0 13664916
12709 -20.0 13666670
12710 -18.0 13668933
12711 -19.0 13671601
12712 -18.0 13673383
12713 -15.0 13676619
12714 -17.0 13679934
12715 -20.0 13681814
12716 -11.0 13685590
12717 -16.0 13687708
12718 -9.0 13692793
12719 -15.0 13695047
12720 -12.0 13697349
12721 -20.0 13699143
12722 -14.0 13702440
12723 -17.0 13705384
12724 -21.0 13706803
12725 -18.0 13709559
12726 -14.0 13711227
12727 -14.0 13713683
12728 -12.0 13716472
12729 -15.0 13719642
12730 -18.0 13722075
12731 -18.0 13723911
12732 -19.0 13726339
12733 -16.0 13728755
12734 -19.0 13731555
12735 -19.0 13732885
12736 -15.0 13735869
12737 -13.0 13739125
12738 -17.0 13743222
12739 -18.0 13745118
12740 -18.0 13746473
12741 -16.0 13748042
12742 -21.0 13748549
12743 -16.0 13749808
12744 -15.0 13751879
12745 -7.0 13755425
12746 -18.0 13756957
12747 -14.0 13759050
12748 -8.0 13761974
12749 -19.0 13765670
12750 -19.0 13767730
12751 -19.0 13769244
12752 -17.0 13771840
12753 -18.0 13773425
12754 -15.0 13776169
12755 -18.0 13778200
12756 14.0 13781168
12757 -7.0 13785565
12758 -16.0 13788793
12759 -21.0 13789300
12760 -11.0 13792476
12761 -18.0 13794730
12762 -19.0 13796122
12763 -21.0 13796932
12764 -21.0 13797804
12765 -19.0 13799084
12766 -16.0 13800773
12767 -21.0 13801586
12768 -18.0 13802761
12769 -19.0 13803919
12770 -18.0 13804912
12771 -16.0 13806052
12772 -17.0 13807411
12773 -21.0 13809188
12774 -19.0 13810890
12775 -18.0 13812963
12776 -20.0 13814644
12777 -21.0 13816310
12778 -19.0 13819047
12779 -16.0 13821413
12780 -21.0 13824715
12781 -14.0 13827957
12782 -18.0 13830832
12783 -17.0 13833839
12784 -18.0 13835867
12785 -17.0 13837546
12786 -20.0 13838988
12787 -18.0 13841006
12788 -15.0 13844770
12789 -12.0 13847321
12790 -14.0 13851162
12791 -10.0 13853860
12792 -9.0 13858891
12793 -16.0 13861253
12794 -19.0 13862651
12795 -21.0 13863959
12796 -17.0 13866311
12797 -18.0 13868029
12798 -19.0 13870945
12799 -19.0 13873489
12800 -17.0 13875466
12801 -15.0 13878508
12802 -6.0 13882912
12803 -19.0 13885397
12804 -18.0 13887538
12805 -16.0 13890433
12806 -19.0 13892319
12807 -18.0 13895305
12808 -21.0 13898374
12809 -20.0 13899757
12810 -15.0 13902493
12811 -15.0 13905475
12812 -19.0 13908521
12813 -18.0 13910109
12814 -13.0 13914711
12815 -17.0 13915773
12816 -20.0 13917647
12817 -15.0 13919954
12818 -17.0 13922545
12819 -13.0 13926228
12820 -11.0 13929781
12821 -15.0 13932454
12822 -20.0 13934569
12823 -19.0 13935844
12824 -16.0 13937402
12825 -16.0 13940308
12826 -21.0 13941303
12827 -17.0 13942913
12828 -18.0 13944080
12829 -18.0 13945496
12830 -19.0 13947138
12831 -19.0 13948790
12832 -17.0 13950407
12833 -18.0 13951454
12834 -20.0 13953136
12835 -18.0 13954428
12836 -19.0 13955758
12837 -17.0 13957668
12838 -17.0 13959280
12839 -18.0 13960765
12840 -19.0 13962835
12841 -18.0 13964611
12842 -21.0 13966091
12843 -21.0 13968556
12844 -16.0 13971958
12845 -16.0 13973650
12846 -21.0 13974278
12847 -17.0 13977101
12848 -13.0 13981027
12849 -16.0 13983446
12850 -19.0 13987453
12851 -13.0 13990464
12852 -19.0 13992771
12853 -17.0 13995414
12854 -17.0 13998360
12855 -15.0 14000850
12856 -15.0 14002374
12857 -5.0 14006300
12858 -4.0 14009589
12859 -19.0 14010794
12860 -17.0 14013371
12861 -15.0 14017793
12862 -13.0 14020862
12863 -9.0 14024499
12864 -11.0 14027659
12865 -13.0 14031108
12866 -19.0 14032265
12867 -19.0 14033289
12868 -18.0 14034519
12869 -17.0 14035883
12870 -14.0 14037483
12871 -19.0 14038993
12872 -20.0 14040558
12873 -15.0 14042081
12874 -20.0 14044183
12875 -17.0 14045483
12876 -18.0 14047195
12877 -17.0 14048316
12878 -17.0 14049921
12879 -21.0 14051886
12880 -20.0 14053816
12881 -17.0 14055483
12882 -16.0 14057165
12883 -19.0 14058439
12884 -19.0 14060259
12885 -17.0 14062534
12886 -20.0 14064459
12887 -19.0 14065856
12888 -16.0 14070783
12889 -18.0 14074696
12890 -15.0 14077616
12891 -19.0 14080163
12892 -14.0 14083218
12893 -16.0 14085089
12894 -17.0 14088656
12895 -12.0 14090898
12896 -18.0 14093821
12897 -20.0 14096963
12898 -10.0 14100203
12899 13.0 14102576
12900 -18.0 14106118
12901 -17.0 14109355
12902 -10.0 14112791
12903 -16.0 14115514
12904 -10.0 14117610
12905 -16.0 14120871
12906 -18.0 14124229
12907 2.0 14127638
12908 -17.0 14130524
12909 -14.0 14132003
12910 -16.0 14134487
12911 -15.0 14136797
12912 -16.0 14138064
12913 -12.0 14140671
12914 -17.0 14145865
12915 -2.0 14150652
12916 -17.0 14152630
12917 -17.0 14154905
12918 -21.0 14156208
12919 -18.0 14158726
12920 -17.0 14161559
12921 -16.0 14164334
12922 -15.0 14167067
12923 -18.0 14169871
12924 -14.0 14173540
12925 -14.0 14177565
12926 -17.0 14180891
12927 -17.0 14183786
12928 -12.0 14186525
12929 -21.0 14189181
12930 -21.0 14192720
12931 -15.0 14196856
12932 -14.0 14198879
12933 -14.0 14202058
12934 -16.0 14205510
12935 -20.0 14208478
12936 -14.0 14211178
12937 -20.0 14212504
12938 -13.0 14214978
12939 -20.0 14217088
12940 -14.0 14219358
12941 -18.0 14221633
12942 -12.0 14224495
12943 -10.0 14228114
12944 -21.0 14228681
12945 -21.0 14229672
12946 -17.0 14231711
12947 -19.0 14232617
12948 -19.0 14234078
12949 -12.0 14237052
12950 -5.0 14241296
12951 -16.0 14244138
12952 -19.0 14245774
